Calibration done at:  <2017-01-06 Fri>
Filename:  calib1.poni
PixelSize1:  7.5e-5
PixelSize2:  7.5e-5
Distance:  0.25054501
Poni1:  0.0933
Poni2:  0.23233222
Rot1:  0
Rot2:  0
Rot3:  0
SplineFile:  None
Wavelength:  8.4686741e-11
